4 9 1
2620 82 38 24
3 3 3
2

2
10 6 1 2
1 1 1 1 1 1 1 1 1 1 1 1 1 
1 3 0 0 0 0 0 0 0 0 0 0 1 
1 0 5 0 0 0 6 7 0 0 0 0 1 
1 0 4 0 0 0 0 0 0 0 0 0 1 
1 0 5 0 0 0 0 8 9 10 0 0 1 
1 0 0 0 0 0 0 0 0 0 0 0 1 
1 0 0 0 0 0 0 0 0 0 0 0 1 
1 0 0 0 0 0 0 0 0 0 0 0 1 
1 0 0 0 0 0 0 0 0 0 0 0 1 
1 0 0 1 0 0 0 0 0 0 0 0 1 
1 0 0 1 0 0 0 0 0 0 0 0 1 
1 0 0 1 0 0 0 0 0 0 0 0 1 
1 1 1 1 1 1 1 1 1 1 1 1 1 

1 2 10 6
1 1 1 1 1 1 1 1 1 1 1 1 1 
1 2 0 0 0 0 0 0 0 0 0 99 1 
1 1 1 0 0 0 0 0 0 0 0 0 1 
1 0 0 0 0 0 0 0 0 0 0 0 1 
1 0 0 0 0 0 0 0 0 11 0 0 1 
1 0 0 0 0 0 0 0 0 0 0 37 1 
1 0 0 0 45 0 43 42 0 40 0 38 1 
1 0 0 0 46 47 0 0 50 0 0 0 1 
1 0 0 0 0 0 0 0 0 0 0 0 1 
1 0 0 0 0 0 0 0 0 0 0 0 1 
1 0 0 0 0 0 0 0 0 0 0 0 1 
1 0 0 0 0 0 0 0 0 0 0 0 1 
1 1 1 1 1 1 1 1 1 1 1 1 1 

