10 6 0
1000 10 10 0
1 1 1
1

2
10 6 1 2
1 1 1 1 1 1 1 1 1 1 1 1 1 
1 3 4 0 0 0 0 0 0 0 0 0 1 
1 0 5 0 0 0 6 7 0 0 0 0 1 
1 0 4 0 0 0 0 0 0 0 0 0 1 
1 0 5 0 0 0 0 8 9 10 0 0 1 
1 0 0 0 0 0 0 0 0 0 0 0 1 
1 0 0 0 0 0 0 0 0 0 0 0 1 
1 0 0 0 0 0 0 0 0 0 0 0 1 
1 0 0 0 0 0 0 0 0 0 0 0 1 
1 0 0 1 0 0 0 0 0 0 0 0 1 
1 0 0 1 0 0 11 0 0 0 0 0 1 
1 0 0 1 0 0 0 0 0 0 0 0 1 
1 1 1 1 1 1 1 1 1 1 1 1 1 

1 2 10 6
1 1 1 1 1 1 1 1 1 1 1 1 1 
1 2 0 0 0 0 0 0 0 0 0 0 1 
1 1 1 0 0 0 0 0 0 0 0 0 1 
1 0 0 0 0 0 0 0 0 0 0 0 1 
1 0 0 0 0 0 0 0 0 0 0 0 1 
1 0 0 0 0 0 0 0 0 0 0 0 1 
1 0 0 0 0 0 0 0 0 0 0 0 1 
1 0 0 0 0 0 0 0 0 0 0 0 1 
1 0 0 0 0 0 0 0 0 0 0 0 1 
1 0 0 0 0 0 0 0 0 0 0 0 1 
1 0 0 0 0 0 0 0 0 0 0 0 1 
1 0 0 0 0 0 0 0 0 0 0 0 1 
1 1 1 1 1 1 1 1 1 1 1 1 1 

