10 6 0
1000 10 10 0
1 1 1
1

2
10 6 1 2
1 1 1 1 1 1 1 1 1 1 1 1 1
1 3 4 0 0 0 0 0 0 0 0 0 1
1 0 5 0 0 0 6 7 0 0 0 0 1
1 0 4 0 0 0 0 0 0 0 0 0 1
1 0 5 0 0 0 0 8 9 10 0 0 1
1 0 0 0 0 0 0 0 0 0 0 0 1
1 0 0 0 0 0 0 0 0 0 0 0 1
1 0 0 0 0 0 0 0 0 0 0 0 1
1 0 0 0 0 0 0 0 0 0 0 0 1
1 0 0 1 0 0 0 0 0 0 0 0 1
1 0 0 1 0 0 0 0 0 0 0 0 1
1 0 0 1 0 0 0 0 0 0 0 0 1
1 1 1 1 1 1 1 1 1 1 1 1 1

1 2 10 6
1 1 1 1 1 1 1 1 1 1 1 1 1
1 2 0 0 0 0 0 0 0 0 0 99 1
1 1 1 0 0 0 0 0 0 0 0 0 1
1 0 0 0 0 0 0 0 0 0 0 0 1
1 0 0 0 0 0 0 0 0 0 0 0 1
1 0 0 0 30 31 32 33 34 35 36 37 1
1 0 0 0 45 44 43 42 41 40 39 38 1
1 0 0 0 46 47 48 49 50 0 0 0 1
1 0 0 0 0 0 0 0 0 0 0 0 1
1 0 0 0 0 0 0 0 0 0 0 0 1
1 0 0 0 0 0 0 29 28 27 26 25 1
1 0 0 0 0 19 20 21 22 23 24 18 1
1 1 1 1 1 1 1 1 1 1 1 1 1